665
624
638
645
640
653
609
649
633
656
622
673
683
623
634
641
649
613
667
612
617
645
649
630
620
636
611
642
639
625
685
641
643
689
648
636
637
645
642
638
633
636
650
641
640
638
660
605
652
643
651
616
662
652
638
634
658
655
635
640
670
619
633
672
660
652
649
648
626
627
688
636
662
633
655
652
627
644
610
657
605
633
632
616
638
651
627
641
618
629
642
634
628
656
639
657
684
614
644
632
672
631
649
611
642
626
652
666
647
632
664
661
656
630
650
618
687
637
667
630
667
620
677
638
620
628
620
642
662
617
615
660
648
660
611
644
635
673
642
631
647
634
642
659
631
637
659
642
654
655
653
638
690
643
625
648
651
662
672
608
653
650
693
641
658
667
625
650
676
620
607
652
648
664
600
642
605
662
623
651
653
654
625
675
630
661
659
635
669
622
635
658
640
652
632
620
684
650
669
658
655
634
613
585
683
683
649
625
658
653
645
651
662
648
615
669
636
666
630
672
627
636
643
632
624
627
639
649
659
629
666
623
652
644
653
596
644
642
634
611
610
648
664
645
644
642
636
621
652
650
632
615
646
654
644
616
666
661
619
622
637
655
622
635
662
642
609
645
614
622
626
650
675
631
668
621
663
621
654
698
613
636
640
673
627
644
668
623
629
626
685
675
641
630
657
620
619
650
636
679
626
641
626
658
621
638
660
645
618
663
606
649
637
653
617
632
650
643
662
654
610
600
644
621
636
652
620
672
677
656
674
660
629
611
650
662
637
645
663
611
647
681
654
657
626
650
640
646
633
641
659
659
647
646
648
646
660
606
633
638
643
639
631
684
656
662
677
667
636
641
632
619
635
661
634
667
662
632
662
644
611
642
633
596
612
646
598
643
647
646
641
660
629
634
656
622
652
631
654
660
624
615
653
633
667
645
620
640
631
620
643
636
657
668
670
614
633
656
614
646
611
652
647
676
643
613
664
633
616
630
623
636
653
626
601
629
598
635
621
635
637
675
643
616
634
649
614
678
645
617
662
620
641
633
650
620
651
659
648
653
646
644
633
628
610
624
628
663
616
616
642
671
666
631
676
655
626
637
673
628
635
676
616
614
592
644
622
659
610
655
624
638
649
641
657
641
679
641
661
641
